0.05
0.1
-0.04307696626509849, 0.4882050562248359, -0.9387179775100656
1.421615085143773
78, 13, 31
-0.3929379093974288, -1.921817095729767, 0.8462077239902612
6.067159756600532
2, 3, 15, 19, 20, 24, 27, 28, 31, 35, 37, 81, 82, 83, 84, 86, 88, 89, 91, 92, 93, 95, 96, 97, 98, 99, 100, 102, 103, 104, 105, 107, 108, 112, 116, 117, 119, 41, 43, 44, 45, 46, 47, 48, 49, 50, 51, 52, 53, 54, 55, 56, 57, 58, 59, 60, 61, 62, 63, 64, 65, 66, 67, 68, 69, 70, 71, 72, 73, 74, 75, 76, 77, 78, 79
-0.3465066270605588, -0.4029080814839969, 1.9019249716637052
-8.97370076421241
43, 46, 48, 50, 52, 56, 57, 58, 63, 64, 66, 80, 89, 91, 93, 96, 97, 103, 104, 108, 112, 116, 119
