0.05
0.13333333333333333
-0.08447998447476396, 0.44581505498075247, -0.8401826951612845
1.5653602744724038
73, 78, 13, 14, 31
-0.27866491540572413, -1.4099999999999964, 0.48818540030647517
4.261237512499909
2, 3, 15, 19, 20, 24, 27, 28, 31, 32, 35, 37, 81, 82, 83, 84, 86, 88, 89, 91, 92, 93, 95, 96, 97, 98, 99, 100, 102, 103, 104, 105, 107, 108, 109, 112, 113, 116, 117, 119, 41, 42, 43, 44, 45, 46, 47, 48, 49, 50, 51, 52, 53, 54, 55, 56, 57, 58, 59, 60, 61, 62, 63, 64, 65, 66, 67, 68, 69, 70, 71, 72, 73, 74, 75, 76, 77, 78, 79
-0.1286442821051188, -0.4223148882164669, 1.5263467916532167
-7.685069860412573
43, 46, 48, 50, 52, 53, 56, 57, 58, 63, 64, 65, 66, 67, 71, 80, 81, 83, 89, 91, 93, 96, 97, 103, 104, 108, 111, 112, 116, 117, 119
